50
100
1
10
-0.13109351364073518 -8188.875296135448
19.225185366653022 20.74575839519821
-8169.09564565248 8216.706881555514
8216.188037350232 8219.776885973035
8221.880363403416 8230.355872535678
-8153.16328319974 40.00182102642066
-8148.681814477599 -8144.341263499413
8244.663609950985 8254.5226248676
8260.627124205974 70.19461171096918
-8120.471609687794 8270.512187773966
100
2
10
-0.13109351364073518 -8188.875296135448
19.225185366653022 20.74575839519821
-8169.09564565248 8216.706881555514
8216.188037350232 8219.776885973035
8221.880363403416 8230.355872535678
-8153.16328319974 40.00182102642066
-8148.681814477599 -8144.341263499413
8244.663609950985 8254.5226248676
8260.627124205974 70.19461171096918
-8120.471609687794 8270.512187773966
100
3
10
-0.13109351364073518 -8188.875296135448
19.225185366653022 20.74575839519821
-8169.09564565248 8216.706881555514
8216.188037350232 8219.776885973035
8221.880363403416 8230.355872535678
-8153.16328319974 40.00182102642066
-8148.681814477599 -8144.341263499413
8244.663609950985 8254.5226248676
8260.627124205974 70.19461171096918
-8120.471609687794 8270.512187773966
100
4
10
-0.13109351364073518 -8188.875296135448
19.225185366653022 20.74575839519821
-8169.09564565248 8216.706881555514
8216.188037350232 8219.776885973035
8221.880363403416 8230.355872535678
-8153.16328319974 40.00182102642066
-8148.681814477599 -8144.341263499413
8244.663609950985 8254.5226248676
8260.627124205974 70.19461171096918
-8120.471609687794 8270.512187773966
100
5
10
-0.13109351364073518 -8188.875296135448
19.225185366653022 20.74575839519821
-8169.09564565248 8216.706881555514
8216.188037350232 8219.776885973035
8221.880363403416 8230.355872535678
-8153.16328319974 40.00182102642066
-8148.681814477599 -8144.341263499413
8244.663609950985 8254.5226248676
8260.627124205974 70.19461171096918
-8120.471609687794 8270.512187773966
100
6
10
-0.13109351364073518 -8188.875296135448
19.225185366653022 20.74575839519821
-8169.09564565248 8216.706881555514
8216.188037350232 8219.776885973035
8221.880363403416 8230.355872535678
-8153.16328319974 40.00182102642066
-8148.681814477599 -8144.341263499413
8244.663609950985 8254.5226248676
8260.627124205974 70.19461171096918
-8120.471609687794 8270.512187773966
100
7
10
-0.13109351364073518 -8188.875296135448
19.225185366653022 20.74575839519821
-8169.09564565248 8216.706881555514
8216.188037350232 8219.776885973035
8221.880363403416 8230.355872535678
-8153.16328319974 40.00182102642066
-8148.681814477599 -8144.341263499413
8244.663609950985 8254.5226248676
8260.627124205974 70.19461171096918
-8120.471609687794 8270.512187773966
100
8
10
-0.13109351364073518 -8188.875296135448
19.225185366653022 20.74575839519821
-8169.09564565248 8216.706881555514
8216.188037350232 8219.776885973035
8221.880363403416 8230.355872535678
-8153.16328319974 40.00182102642066
-8148.681814477599 -8144.341263499413
8244.663609950985 8254.5226248676
8260.627124205974 70.19461171096918
-8120.471609687794 8270.512187773966
100
9
10
-0.13109351364073518 -8188.875296135448
19.225185366653022 20.74575839519821
-8169.09564565248 8216.706881555514
8216.188037350232 8219.776885973035
8221.880363403416 8230.355872535678
-8153.16328319974 40.00182102642066
-8148.681814477599 -8144.341263499413
8244.663609950985 8254.5226248676
8260.627124205974 70.19461171096918
-8120.471609687794 8270.512187773966
100
10
10
-0.13109351364073518 -8188.875296135448
19.225185366653022 20.74575839519821
-8169.09564565248 8216.706881555514
8216.188037350232 8219.776885973035
8221.880363403416 8230.355872535678
-8153.16328319974 40.00182102642066
-8148.681814477599 -8144.341263499413
8244.663609950985 8254.5226248676
8260.627124205974 70.19461171096918
-8120.471609687794 8270.512187773966
100
1
10
-0.13109351364073518 -8188.875296135448
19.225185366653022 20.74575839519821
-8169.09564565248 8216.706881555514
8216.188037350232 8219.776885973035
8221.880363403416 8230.355872535678
-8153.16328319974 40.00182102642066
-8148.681814477599 -8144.341263499413
8244.663609950985 8254.5226248676
8260.627124205974 70.19461171096918
-8120.471609687794 8270.512187773966
100
2
10
-0.13109351364073518 -8188.875296135448
19.225185366653022 20.74575839519821
-8169.09564565248 8216.706881555514
8216.188037350232 8219.776885973035
8221.880363403416 8230.355872535678
-8153.16328319974 40.00182102642066
-8148.681814477599 -8144.341263499413
8244.663609950985 8254.5226248676
8260.627124205974 70.19461171096918
-8120.471609687794 8270.512187773966
100
3
10
-0.13109351364073518 -8188.875296135448
19.225185366653022 20.74575839519821
-8169.09564565248 8216.706881555514
8216.188037350232 8219.776885973035
8221.880363403416 8230.355872535678
-8153.16328319974 40.00182102642066
-8148.681814477599 -8144.341263499413
8244.663609950985 8254.5226248676
8260.627124205974 70.19461171096918
-8120.471609687794 8270.512187773966
100
4
10
-0.13109351364073518 -8188.875296135448
19.225185366653022 20.74575839519821
-8169.09564565248 8216.706881555514
8216.188037350232 8219.776885973035
8221.880363403416 8230.355872535678
-8153.16328319974 40.00182102642066
-8148.681814477599 -8144.341263499413
8244.663609950985 8254.5226248676
8260.627124205974 70.19461171096918
-8120.471609687794 8270.512187773966
100
5
10
-0.13109351364073518 -8188.875296135448
19.225185366653022 20.74575839519821
-8169.09564565248 8216.706881555514
8216.188037350232 8219.776885973035
8221.880363403416 8230.355872535678
-8153.16328319974 40.00182102642066
-8148.681814477599 -8144.341263499413
8244.663609950985 8254.5226248676
8260.627124205974 70.19461171096918
-8120.471609687794 8270.512187773966
100
6
10
-0.13109351364073518 -8188.875296135448
19.225185366653022 20.74575839519821
-8169.09564565248 8216.706881555514
8216.188037350232 8219.776885973035
8221.880363403416 8230.355872535678
-8153.16328319974 40.00182102642066
-8148.681814477599 -8144.341263499413
8244.663609950985 8254.5226248676
8260.627124205974 70.19461171096918
-8120.471609687794 8270.512187773966
100
7
10
-0.13109351364073518 -8188.875296135448
19.225185366653022 20.74575839519821
-8169.09564565248 8216.706881555514
8216.188037350232 8219.776885973035
8221.880363403416 8230.355872535678
-8153.16328319974 40.00182102642066
-8148.681814477599 -8144.341263499413
8244.663609950985 8254.5226248676
8260.627124205974 70.19461171096918
-8120.471609687794 8270.512187773966
100
8
10
-0.13109351364073518 -8188.875296135448
19.225185366653022 20.74575839519821
-8169.09564565248 8216.706881555514
8216.188037350232 8219.776885973035
8221.880363403416 8230.355872535678
-8153.16328319974 40.00182102642066
-8148.681814477599 -8144.341263499413
8244.663609950985 8254.5226248676
8260.627124205974 70.19461171096918
-8120.471609687794 8270.512187773966
100
9
10
-0.13109351364073518 -8188.875296135448
19.225185366653022 20.74575839519821
-8169.09564565248 8216.706881555514
8216.188037350232 8219.776885973035
8221.880363403416 8230.355872535678
-8153.16328319974 40.00182102642066
-8148.681814477599 -8144.341263499413
8244.663609950985 8254.5226248676
8260.627124205974 70.19461171096918
-8120.471609687794 8270.512187773966
100
10
10
-0.13109351364073518 -8188.875296135448
19.225185366653022 20.74575839519821
-8169.09564565248 8216.706881555514
8216.188037350232 8219.776885973035
8221.880363403416 8230.355872535678
-8153.16328319974 40.00182102642066
-8148.681814477599 -8144.341263499413
8244.663609950985 8254.5226248676
8260.627124205974 70.19461171096918
-8120.471609687794 8270.512187773966
100
1
10
-0.13109351364073518 -8188.875296135448
19.225185366653022 20.74575839519821
-8169.09564565248 8216.706881555514
8216.188037350232 8219.776885973035
8221.880363403416 8230.355872535678
-8153.16328319974 40.00182102642066
-8148.681814477599 -8144.341263499413
8244.663609950985 8254.5226248676
8260.627124205974 70.19461171096918
-8120.471609687794 8270.512187773966
100
2
10
-0.13109351364073518 -8188.875296135448
19.225185366653022 20.74575839519821
-8169.09564565248 8216.706881555514
8216.188037350232 8219.776885973035
8221.880363403416 8230.355872535678
-8153.16328319974 40.00182102642066
-8148.681814477599 -8144.341263499413
8244.663609950985 8254.5226248676
8260.627124205974 70.19461171096918
-8120.471609687794 8270.512187773966
100
3
10
-0.13109351364073518 -8188.875296135448
19.225185366653022 20.74575839519821
-8169.09564565248 8216.706881555514
8216.188037350232 8219.776885973035
8221.880363403416 8230.355872535678
-8153.16328319974 40.00182102642066
-8148.681814477599 -8144.341263499413
8244.663609950985 8254.5226248676
8260.627124205974 70.19461171096918
-8120.471609687794 8270.512187773966
100
4
10
-0.13109351364073518 -8188.875296135448
19.225185366653022 20.74575839519821
-8169.09564565248 8216.706881555514
8216.188037350232 8219.776885973035
8221.880363403416 8230.355872535678
-8153.16328319974 40.00182102642066
-8148.681814477599 -8144.341263499413
8244.663609950985 8254.5226248676
8260.627124205974 70.19461171096918
-8120.471609687794 8270.512187773966
100
5
10
-0.13109351364073518 -8188.875296135448
19.225185366653022 20.74575839519821
-8169.09564565248 8216.706881555514
8216.188037350232 8219.776885973035
8221.880363403416 8230.355872535678
-8153.16328319974 40.00182102642066
-8148.681814477599 -8144.341263499413
8244.663609950985 8254.5226248676
8260.627124205974 70.19461171096918
-8120.471609687794 8270.512187773966
100
6
10
-0.13109351364073518 -8188.875296135448
19.225185366653022 20.74575839519821
-8169.09564565248 8216.706881555514
8216.188037350232 8219.776885973035
8221.880363403416 8230.355872535678
-8153.16328319974 40.00182102642066
-8148.681814477599 -8144.341263499413
8244.663609950985 8254.5226248676
8260.627124205974 70.19461171096918
-8120.471609687794 8270.512187773966
100
7
10
-0.13109351364073518 -8188.875296135448
19.225185366653022 20.74575839519821
-8169.09564565248 8216.706881555514
8216.188037350232 8219.776885973035
8221.880363403416 8230.355872535678
-8153.16328319974 40.00182102642066
-8148.681814477599 -8144.341263499413
8244.663609950985 8254.5226248676
8260.627124205974 70.19461171096918
-8120.471609687794 8270.512187773966
100
8
10
-0.13109351364073518 -8188.875296135448
19.225185366653022 20.74575839519821
-8169.09564565248 8216.706881555514
8216.188037350232 8219.776885973035
8221.880363403416 8230.355872535678
-8153.16328319974 40.00182102642066
-8148.681814477599 -8144.341263499413
8244.663609950985 8254.5226248676
8260.627124205974 70.19461171096918
-8120.471609687794 8270.512187773966
100
9
10
-0.13109351364073518 -8188.875296135448
19.225185366653022 20.74575839519821
-8169.09564565248 8216.706881555514
8216.188037350232 8219.776885973035
8221.880363403416 8230.355872535678
-8153.16328319974 40.00182102642066
-8148.681814477599 -8144.341263499413
8244.663609950985 8254.5226248676
8260.627124205974 70.19461171096918
-8120.471609687794 8270.512187773966
100
10
10
-0.13109351364073518 -8188.875296135448
19.225185366653022 20.74575839519821
-8169.09564565248 8216.706881555514
8216.188037350232 8219.776885973035
8221.880363403416 8230.355872535678
-8153.16328319974 40.00182102642066
-8148.681814477599 -8144.341263499413
8244.663609950985 8254.5226248676
8260.627124205974 70.19461171096918
-8120.471609687794 8270.512187773966
100
1
10
-0.13109351364073518 -8188.875296135448
19.225185366653022 20.74575839519821
-8169.09564565248 8216.706881555514
8216.188037350232 8219.776885973035
8221.880363403416 8230.355872535678
-8153.16328319974 40.00182102642066
-8148.681814477599 -8144.341263499413
8244.663609950985 8254.5226248676
8260.627124205974 70.19461171096918
-8120.471609687794 8270.512187773966
100
2
10
-0.13109351364073518 -8188.875296135448
19.225185366653022 20.74575839519821
-8169.09564565248 8216.706881555514
8216.188037350232 8219.776885973035
8221.880363403416 8230.355872535678
-8153.16328319974 40.00182102642066
-8148.681814477599 -8144.341263499413
8244.663609950985 8254.5226248676
8260.627124205974 70.19461171096918
-8120.471609687794 8270.512187773966
100
3
10
-0.13109351364073518 -8188.875296135448
19.225185366653022 20.74575839519821
-8169.09564565248 8216.706881555514
8216.188037350232 8219.776885973035
8221.880363403416 8230.355872535678
-8153.16328319974 40.00182102642066
-8148.681814477599 -8144.341263499413
8244.663609950985 8254.5226248676
8260.627124205974 70.19461171096918
-8120.471609687794 8270.512187773966
100
4
10
-0.13109351364073518 -8188.875296135448
19.225185366653022 20.74575839519821
-8169.09564565248 8216.706881555514
8216.188037350232 8219.776885973035
8221.880363403416 8230.355872535678
-8153.16328319974 40.00182102642066
-8148.681814477599 -8144.341263499413
8244.663609950985 8254.5226248676
8260.627124205974 70.19461171096918
-8120.471609687794 8270.512187773966
100
5
10
-0.13109351364073518 -8188.875296135448
19.225185366653022 20.74575839519821
-8169.09564565248 8216.706881555514
8216.188037350232 8219.776885973035
8221.880363403416 8230.355872535678
-8153.16328319974 40.00182102642066
-8148.681814477599 -8144.341263499413
8244.663609950985 8254.5226248676
8260.627124205974 70.19461171096918
-8120.471609687794 8270.512187773966
100
6
10
-0.13109351364073518 -8188.875296135448
19.225185366653022 20.74575839519821
-8169.09564565248 8216.706881555514
8216.188037350232 8219.776885973035
8221.880363403416 8230.355872535678
-8153.16328319974 40.00182102642066
-8148.681814477599 -8144.341263499413
8244.663609950985 8254.5226248676
8260.627124205974 70.19461171096918
-8120.471609687794 8270.512187773966
100
7
10
-0.13109351364073518 -8188.875296135448
19.225185366653022 20.74575839519821
-8169.09564565248 8216.706881555514
8216.188037350232 8219.776885973035
8221.880363403416 8230.355872535678
-8153.16328319974 40.00182102642066
-8148.681814477599 -8144.341263499413
8244.663609950985 8254.5226248676
8260.627124205974 70.19461171096918
-8120.471609687794 8270.512187773966
100
8
10
-0.13109351364073518 -8188.875296135448
19.225185366653022 20.74575839519821
-8169.09564565248 8216.706881555514
8216.188037350232 8219.776885973035
8221.880363403416 8230.355872535678
-8153.16328319974 40.00182102642066
-8148.681814477599 -8144.341263499413
8244.663609950985 8254.5226248676
8260.627124205974 70.19461171096918
-8120.471609687794 8270.512187773966
100
9
10
-0.13109351364073518 -8188.875296135448
19.225185366653022 20.74575839519821
-8169.09564565248 8216.706881555514
8216.188037350232 8219.776885973035
8221.880363403416 8230.355872535678
-8153.16328319974 40.00182102642066
-8148.681814477599 -8144.341263499413
8244.663609950985 8254.5226248676
8260.627124205974 70.19461171096918
-8120.471609687794 8270.512187773966
100
10
10
-0.13109351364073518 -8188.875296135448
19.225185366653022 20.74575839519821
-8169.09564565248 8216.706881555514
8216.188037350232 8219.776885973035
8221.880363403416 8230.355872535678
-8153.16328319974 40.00182102642066
-8148.681814477599 -8144.341263499413
8244.663609950985 8254.5226248676
8260.627124205974 70.19461171096918
-8120.471609687794 8270.512187773966
100
1
10
-0.13109351364073518 -8188.875296135448
19.225185366653022 20.74575839519821
-8169.09564565248 8216.706881555514
8216.188037350232 8219.776885973035
8221.880363403416 8230.355872535678
-8153.16328319974 40.00182102642066
-8148.681814477599 -8144.341263499413
8244.663609950985 8254.5226248676
8260.627124205974 70.19461171096918
-8120.471609687794 8270.512187773966
100
2
10
-0.13109351364073518 -8188.875296135448
19.225185366653022 20.74575839519821
-8169.09564565248 8216.706881555514
8216.188037350232 8219.776885973035
8221.880363403416 8230.355872535678
-8153.16328319974 40.00182102642066
-8148.681814477599 -8144.341263499413
8244.663609950985 8254.5226248676
8260.627124205974 70.19461171096918
-8120.471609687794 8270.512187773966
100
3
10
-0.13109351364073518 -8188.875296135448
19.225185366653022 20.74575839519821
-8169.09564565248 8216.706881555514
8216.188037350232 8219.776885973035
8221.880363403416 8230.355872535678
-8153.16328319974 40.00182102642066
-8148.681814477599 -8144.341263499413
8244.663609950985 8254.5226248676
8260.627124205974 70.19461171096918
-8120.471609687794 8270.512187773966
100
4
10
-0.13109351364073518 -8188.875296135448
19.225185366653022 20.74575839519821
-8169.09564565248 8216.706881555514
8216.188037350232 8219.776885973035
8221.880363403416 8230.355872535678
-8153.16328319974 40.00182102642066
-8148.681814477599 -8144.341263499413
8244.663609950985 8254.5226248676
8260.627124205974 70.19461171096918
-8120.471609687794 8270.512187773966
100
5
10
-0.13109351364073518 -8188.875296135448
19.225185366653022 20.74575839519821
-8169.09564565248 8216.706881555514
8216.188037350232 8219.776885973035
8221.880363403416 8230.355872535678
-8153.16328319974 40.00182102642066
-8148.681814477599 -8144.341263499413
8244.663609950985 8254.5226248676
8260.627124205974 70.19461171096918
-8120.471609687794 8270.512187773966
100
6
10
-0.13109351364073518 -8188.875296135448
19.225185366653022 20.74575839519821
-8169.09564565248 8216.706881555514
8216.188037350232 8219.776885973035
8221.880363403416 8230.355872535678
-8153.16328319974 40.00182102642066
-8148.681814477599 -8144.341263499413
8244.663609950985 8254.5226248676
8260.627124205974 70.19461171096918
-8120.471609687794 8270.512187773966
100
7
10
-0.13109351364073518 -8188.875296135448
19.225185366653022 20.74575839519821
-8169.09564565248 8216.706881555514
8216.188037350232 8219.776885973035
8221.880363403416 8230.355872535678
-8153.16328319974 40.00182102642066
-8148.681814477599 -8144.341263499413
8244.663609950985 8254.5226248676
8260.627124205974 70.19461171096918
-8120.471609687794 8270.512187773966
100
8
10
-0.13109351364073518 -8188.875296135448
19.225185366653022 20.74575839519821
-8169.09564565248 8216.706881555514
8216.188037350232 8219.776885973035
8221.880363403416 8230.355872535678
-8153.16328319974 40.00182102642066
-8148.681814477599 -8144.341263499413
8244.663609950985 8254.5226248676
8260.627124205974 70.19461171096918
-8120.471609687794 8270.512187773966
100
9
10
-0.13109351364073518 -8188.875296135448
19.225185366653022 20.74575839519821
-8169.09564565248 8216.706881555514
8216.188037350232 8219.776885973035
8221.880363403416 8230.355872535678
-8153.16328319974 40.00182102642066
-8148.681814477599 -8144.341263499413
8244.663609950985 8254.5226248676
8260.627124205974 70.19461171096918
-8120.471609687794 8270.512187773966
100
10
10
-0.13109351364073518 -8188.875296135448
19.225185366653022 20.74575839519821
-8169.09564565248 8216.706881555514
8216.188037350232 8219.776885973035
8221.880363403416 8230.355872535678
-8153.16328319974 40.00182102642066
-8148.681814477599 -8144.341263499413
8244.663609950985 8254.5226248676
8260.627124205974 70.19461171096918
-8120.471609687794 8270.512187773966

