10
50
4
10
-6359.178182962822 2785.5961134632307
6349.424500668036 7295.107012086068
-770.097749867904 -1504.1376577431583
-934.6772655161021 -8053.961428968685
-1865.0658458868393 9851.401958064886
2061.1874170368465 -5330.70971566763
3623.028355036262 5175.03183198847
810.5534861618271 8849.33786108339
-13.20601373784848 8661.943976940012
7877.8590670126105 1657.8725939540327
71
3
36
1347.8639622776736 1890.7058077011025
3401.6375406786683 1672.2261264786357
-3796.8083833987666 -1228.8715414111557
3720.045986458994 7304.649906406896
-3816.6645313996232 -8953.858131192008
9827.947919725448 -1056.2437447319298
-8489.824578501528 3660.273673788257
3975.3055143413476 3100.6021897998435
-3589.8356609190632 -5697.74764516771
3172.5470973303254 -1004.8952393482105
-6912.081175463816 -4012.9689041015017
9718.625898638493 2601.9709655742918
-3331.7344228711954 -8767.439870889717
-921.7327122599181 3247.357978712951
5726.996931999263 -2684.059165682993
-6744.203909786194 6551.491691488525
-7953.233207639736 -7262.101816929271
-9096.007354272784 9716.723058379317
-4131.707102332592 7104.320810315865
9377.873824213959 8884.666405485637
904.388285288007 -4121.1452172456075
6419.823103052255 2772.000780041364
2382.5046747839406 100.75769703688093
1228.351022185645 4368.636756502148
2939.5129214344433 -9663.170490452738
-2231.7602352628473 -5147.4077480930355
3936.457978209186 2963.6833204492723
-505.60132578825323 -9689.811261241237
8681.89756911575 1774.348219726584
-904.7024366520582 2002.3117509870117
6526.20638955418 5958.9854764391075
8247.892811683829 5100.805078651931
8696.584404659578 2184.3837888354847
-8199.27226981541 -6638.518047574338
9120.776477923326 4818.669774952896
-5715.833097885196 -1293.3550790854533
62
3
7
3386.982826788537 6500.874149276227
-5297.129702240135 1807.5222863172803
8006.701816809491 7479.333374521168
-1543.847937071023 2165.3778057094587
9024.039688373232 -9502.294814942014
6091.678258446107 -5755.402994450965
5906.662241501663 806.6790783699871
21
4
22
-8678.80253490428 2065.6775674625696
-8939.088208883219 1864.3654777788488
9634.988698279125 9162.880887258576
3370.48759032433 -6095.662446712771
-289.14729665036793 -904.6727799284527
2946.4104166955512 4615.525859488342
-5590.789469922605 -8872.193362824091
-739.999767554631 -9097.175389813061
-9755.6412586169 8334.199634309516
-2115.6072894957424 -9793.360657556343
-2374.515329294669 -4895.755706393065
-4472.671273096375 2608.1089071091374
-7494.305365770957 -7117.666252166293
-467.9591780221126 1110.435131323924
591.2903727039247 -6893.954875920654
9172.105527171436 -5298.723301363204
2904.1192660712095 2448.7875073031246
7568.145546434967 -4486.584653514007
9603.839857722298 9170.469381544212
-9521.564542833634 4161.771620741571
-4441.451759789383 4272.590048230795
-8649.559380990911 -5408.305389587024
96
2
22
-3136.5437213284886 8322.730910465954
3082.6020418400058 -8547.652369050273
5679.54614143365 8538.241807574697
995.7945524319475 -5379.584480706645
8975.153479639233 -3516.9119830687805
-3055.362919985909 5410.317795770545
7179.480655948155 9368.900847172445
2030.6530623088765 5966.01979743692
-4063.115896197709 5995.786609950177
-7888.442309574066 -782.1916191906112
-8864.664904928833 -4671.341588080333
5920.626780374714 7828.708057312768
-1062.5707842811335 -8569.52565804477
737.1105851972661 -7442.061435657783
5576.0139546100745 9189.82576668228
9016.701343496592 -7720.596344832556
-7554.931048813032 8623.307901209937
5973.342914466624 -5745.946242334401
-4765.176681478522 -3199.1059303855063
9340.63648926522 -706.8527183385795
6927.1717386238415 5904.322383872537
1688.1298955822458 8360.827966210232
45
2
15
2873.4235988424043 132.00475761366033
6019.003932171618 1151.072742992239
-9272.174896646626 8085.654946401639
2803.0640721711425 -3083.04056076522
-7323.11589178543 736.1410798591569
9863.444521514753 -1891.1874572266306
-8610.598318555649 -4118.925055240888
3678.7364423014133 -1693.2460426884463
9367.893010558557 -2970.9351834394
3101.9054167859085 5369.325629769208
402.1808716752821 6094.57177767515
4212.390389170048 -9621.13369390936
-6260.578417328966 -3810.5005382184618
9889.279661080905 -4260.292258969238
-3323.654910652669 6083.438154890493
79
1
25
7661.463913418385 -139.3806508953785
828.5974379016043 -194.96019072648232
-4991.544005736326 3315.7397436246993
-4507.0791083866625 2958.1198879389613
5192.9293889120545 -9456.266167558873
8830.07603234328 9876.080716490284
3487.7298906514498 -6006.932816493365
5417.09716008139 -9717.496614766382
3549.7708616259406 -8101.567135463123
1386.399724642135 8741.518139909185
-9252.542056678374 5466.441660534141
5223.668611442092 -1220.7755697432203
-3816.948705939016 -8268.034063002666
-6061.998751716759 -2501.9826923415603
7001.267630584614 533.8953765717579
-2987.171217203657 3613.1723869995567
6690.0999390958095 9497.240324109585
-2473.1025478180673 -3067.2838672519974
-6557.758523690225 -6814.693310134449
-4627.723091429932 -4142.08200696635
8035.293999405305 4594.463960131938
-6315.269808025237 -9670.754336884056
-8011.493579860154 7793.956566282577
-8360.977557157785 -861.4473243977536
-7349.127287039728 -3169.535793169047
46
5
35
2701.613581695392 7183.337539656604
-5806.748890004927 7890.14741398767
2075.6537863623635 -7138.188009538258
3357.0961812278765 -8211.608574293765
-82.27736316065602 -9150.750063260039
1138.9467731075074 7348.875319440125
-8209.141497266744 -4082.6774584479454
-4118.04217161784 5943.928545243509
-5747.027286643591 -8111.864198295098
-4209.216830430349 -2228.375579983377
-5783.457757746044 -210.7723533053977
4775.323292845391 -7911.458801971183
-886.6181070787752 44.67795177650805
6102.907037154293 -1923.2411236139587
-9067.137659398586 3686.7239444330553
8423.724455484844 8551.338443490778
7746.89078956364 2285.8395260778216
-2031.5594261396018 2935.630448095686
3549.7682924245364 -8255.691220938597
-6181.814408455495 -258.6151827225931
4648.023444859664 7596.92332871199
-9041.44904057136 4541.280118992017
6618.8359630540945 -6581.902313570813
-8392.18403443238 -3597.8285007758104
1167.5903849433198 -1612.0797447581517
-1858.2118052217702 -6874.131926292468
7024.245935783354 8187.868234310248
-593.6905864878609 9217.522410702739
-117.68783682566391 4072.0416453483595
-5562.72722432726 -7588.690871517454
-3654.819124056474 -45.83747363396651
-8153.3126609275205 3179.748004211964
-472.3859062878928 -846.380895320408
6497.32750400059 8096.953268453486
-394.20520481444146 -8171.476725710616
55
5
36
-3756.061544373594 -7373.095514970353
8692.009964635155 -8161.9450278309705
3690.0536629609796 -7248.108694191222
-9223.725501653607 -2761.279423490646
-4574.813214102198 3529.9251360321996
7983.253267917356 3896.345365049614
7924.783189187729 -3544.3239119548252
-102.17612730274959 -6915.317045206868
-5033.314939102087 2391.743590601209
5045.442405945751 -6580.858078120313
-8385.461164924902 -7328.547386256723
-1772.247176562356 4923.822105220639
5969.659266621755 3152.293048068941
3020.787646695242 7475.71318874849
-3948.9070505560585 -4424.198158106378
-7675.554408335265 -4364.51160294278
-160.10501564160586 -8380.870062914231
-8399.557684188989 9737.16723746367
3367.477629117704 -4156.459559575869
5209.304032242686 7317.176279159532
7814.757752156183 -6373.087889811617
3897.7663057125774 -3124.823730153121
3862.9487904601465 -6795.26988911503
-533.3891032818901 1505.5762364724742
1088.4104528863882 6479.263264999987
-7518.886083402521 -2421.5798389933416
1931.1840880475374 5209.326001411455
-7302.895478022057 -8500.8019617162
4989.992898580389 4134.4711299827595
848.7597090332492 6151.805486944613
8443.1941223262 4049.343853139684
9127.463279199324 7183.124797542514
-8859.400218946574 -8402.535854423673
-1045.6896707468295 -3374.8878543398387
-6903.356766942206 -45.12993105157875
-7388.907639227107 -8070.576047992208
58
4
10
-1851.0442745488035 7705.289795913057
192.2400888806078 6705.983734023928
2608.732626031955 -9211.363310486042
-4976.107152207767 -7697.941665541741
1283.917562077133 5083.263335476438
-2000.433328742426 -752.7325748060794
6416.399848084744 -5078.963106250205
-8485.852483608935 -3292.821844090344
-3140.1895025657604 -7380.103979454704
8171.86954858118 -5113.28577680132

